20
-1.315201e-02	3.049960e-03	-2.360420e-01	-5.561548e-02	-2.659105e-01	3.959238e-02	2.637505e-01	9.844916e-02	1.448557e-01	-7.177339e-02	1.150136e-01	6.789849e-02	7.256327e-02	1.578381e-02	7.945404e-02	2.340864e-02	1.566979e-02	1.645162e-01	8.527322e-02	1.541698e-01	
0.00014720
-1.315201e-02	3.049960e-03	-2.360420e-01	-5.561548e-02	-2.659105e-01	3.959238e-02	2.637505e-01	9.844916e-02	1.448557e-01	-7.177339e-02	1.150136e-01	6.789849e-02	7.256327e-02	1.578381e-02	7.945404e-02	2.340864e-02	1.566979e-02	1.645162e-01	8.527322e-02	1.541698e-01	
0.00024920
-1.315201e-02	3.049960e-03	-2.360420e-01	-5.561548e-02	-2.659105e-01	3.959238e-02	2.637505e-01	9.844916e-02	1.448557e-01	-7.177339e-02	1.150136e-01	6.789849e-02	7.256327e-02	1.578381e-02	7.945404e-02	2.340864e-02	1.566979e-02	1.645162e-01	8.527322e-02	1.541698e-01	
0.00014120
-1.315201e-02	3.049960e-03	-2.360420e-01	-5.561548e-02	-2.659105e-01	3.959238e-02	2.637505e-01	9.844916e-02	1.448557e-01	-7.177339e-02	1.150136e-01	6.789849e-02	7.256327e-02	1.578381e-02	7.945404e-02	2.340864e-02	1.566979e-02	1.645162e-01	8.527322e-02	1.541698e-01	
0.00014620
-1.315201e-02	3.049960e-03	-2.360420e-01	-5.561548e-02	-2.659105e-01	3.959238e-02	2.637505e-01	9.844916e-02	1.448557e-01	-7.177339e-02	1.150136e-01	6.789849e-02	7.256327e-02	1.578381e-02	7.945404e-02	2.340864e-02	1.566979e-02	1.645162e-01	8.527322e-02	1.541698e-01	
0.00021120
-1.315201e-02	3.049960e-03	-2.360420e-01	-5.561548e-02	-2.659105e-01	3.959238e-02	2.637505e-01	9.844916e-02	1.448557e-01	-7.177339e-02	1.150136e-01	6.789849e-02	7.256327e-02	1.578381e-02	7.945404e-02	2.340864e-02	1.566979e-02	1.645162e-01	8.527322e-02	1.541698e-01	
0.00014720
-1.315201e-02	3.049960e-03	-2.360420e-01	-5.561548e-02	-2.659105e-01	3.959238e-02	2.637505e-01	9.844916e-02	1.448557e-01	-7.177339e-02	1.150136e-01	6.789849e-02	7.256327e-02	1.578381e-02	7.945404e-02	2.340864e-02	1.566979e-02	1.645162e-01	8.527322e-02	1.541698e-01	
0.00014720
-1.315201e-02	3.049960e-03	-2.360420e-01	-5.561548e-02	-2.659105e-01	3.959238e-02	2.637505e-01	9.844916e-02	1.448557e-01	-7.177339e-02	1.150136e-01	6.789849e-02	7.256327e-02	1.578381e-02	7.945404e-02	2.340864e-02	1.566979e-02	1.645162e-01	8.527322e-02	1.541698e-01	
0.00015920
-1.315201e-02	3.049960e-03	-2.360420e-01	-5.561548e-02	-2.659105e-01	3.959238e-02	2.637505e-01	9.844916e-02	1.448557e-01	-7.177339e-02	1.150136e-01	6.789849e-02	7.256327e-02	1.578381e-02	7.945404e-02	2.340864e-02	1.566979e-02	1.645162e-01	8.527322e-02	1.541698e-01	
0.00014220
-1.315201e-02	3.049960e-03	-2.360420e-01	-5.561548e-02	-2.659105e-01	3.959238e-02	2.637505e-01	9.844916e-02	1.448557e-01	-7.177339e-02	1.150136e-01	6.789849e-02	7.256327e-02	1.578381e-02	7.945404e-02	2.340864e-02	1.566979e-02	1.645162e-01	8.527322e-02	1.541698e-01	
0.00017220
-1.315201e-02	3.049960e-03	-2.360420e-01	-5.561548e-02	-2.659105e-01	3.959238e-02	2.637505e-01	9.844916e-02	1.448557e-01	-7.177339e-02	1.150136e-01	6.789849e-02	7.256327e-02	1.578381e-02	7.945404e-02	2.340864e-02	1.566979e-02	1.645162e-01	8.527322e-02	1.541698e-01	
0.00021720
-1.315201e-02	3.049960e-03	-2.360420e-01	-5.561548e-02	-2.659105e-01	3.959238e-02	2.637505e-01	9.844916e-02	1.448557e-01	-7.177339e-02	1.150136e-01	6.789849e-02	7.256327e-02	1.578381e-02	7.945404e-02	2.340864e-02	1.566979e-02	1.645162e-01	8.527322e-02	1.541698e-01	
0.00024820
-1.315201e-02	3.049960e-03	-2.360420e-01	-5.561548e-02	-2.659105e-01	3.959238e-02	2.637505e-01	9.844916e-02	1.448557e-01	-7.177339e-02	1.150136e-01	6.789849e-02	7.256327e-02	1.578381e-02	7.945404e-02	2.340864e-02	1.566979e-02	1.645162e-01	8.527322e-02	1.541698e-01	
0.00014720
-1.315201e-02	3.049960e-03	-2.360420e-01	-5.561548e-02	-2.659105e-01	3.959238e-02	2.637505e-01	9.844916e-02	1.448557e-01	-7.177339e-02	1.150136e-01	6.789849e-02	7.256327e-02	1.578381e-02	7.945404e-02	2.340864e-02	1.566979e-02	1.645162e-01	8.527322e-02	1.541698e-01	
0.00014220
-1.315201e-02	3.049960e-03	-2.360420e-01	-5.561548e-02	-2.659105e-01	3.959238e-02	2.637505e-01	9.844916e-02	1.448557e-01	-7.177339e-02	1.150136e-01	6.789849e-02	7.256327e-02	1.578381e-02	7.945404e-02	2.340864e-02	1.566979e-02	1.645162e-01	8.527322e-02	1.541698e-01	
0.00014820
-1.315201e-02	3.049960e-03	-2.360420e-01	-5.561548e-02	-2.659105e-01	3.959238e-02	2.637505e-01	9.844916e-02	1.448557e-01	-7.177339e-02	1.150136e-01	6.789849e-02	7.256327e-02	1.578381e-02	7.945404e-02	2.340864e-02	1.566979e-02	1.645162e-01	8.527322e-02	1.541698e-01	
0.00015720
-1.315201e-02	3.049960e-03	-2.360420e-01	-5.561548e-02	-2.659105e-01	3.959238e-02	2.637505e-01	9.844916e-02	1.448557e-01	-7.177339e-02	1.150136e-01	6.789849e-02	7.256327e-02	1.578381e-02	7.945404e-02	2.340864e-02	1.566979e-02	1.645162e-01	8.527322e-02	1.541698e-01	
0.00014720
-1.315201e-02	3.049960e-03	-2.360420e-01	-5.561548e-02	-2.659105e-01	3.959238e-02	2.637505e-01	9.844916e-02	1.448557e-01	-7.177339e-02	1.150136e-01	6.789849e-02	7.256327e-02	1.578381e-02	7.945404e-02	2.340864e-02	1.566979e-02	1.645162e-01	8.527322e-02	1.541698e-01	
0.00014120
-1.315201e-02	3.049960e-03	-2.360420e-01	-5.561548e-02	-2.659105e-01	3.959238e-02	2.637505e-01	9.844916e-02	1.448557e-01	-7.177339e-02	1.150136e-01	6.789849e-02	7.256327e-02	1.578381e-02	7.945404e-02	2.340864e-02	1.566979e-02	1.645162e-01	8.527322e-02	1.541698e-01	
0.00014520
-1.315201e-02	3.049960e-03	-2.360420e-01	-5.561548e-02	-2.659105e-01	3.959238e-02	2.637505e-01	9.844916e-02	1.448557e-01	-7.177339e-02	1.150136e-01	6.789849e-02	7.256327e-02	1.578381e-02	7.945404e-02	2.340864e-02	1.566979e-02	1.645162e-01	8.527322e-02	1.541698e-01	
0.00014820
-1.315201e-02	3.049960e-03	-2.360420e-01	-5.561548e-02	-2.659105e-01	3.959238e-02	2.637505e-01	9.844916e-02	1.448557e-01	-7.177339e-02	1.150136e-01	6.789849e-02	7.256327e-02	1.578381e-02	7.945404e-02	2.340864e-02	1.566979e-02	1.645162e-01	8.527322e-02	1.541698e-01	
0.00014620
-1.315201e-02	3.049960e-03	-2.360420e-01	-5.561548e-02	-2.659105e-01	3.959238e-02	2.637505e-01	9.844916e-02	1.448557e-01	-7.177339e-02	1.150136e-01	6.789849e-02	7.256327e-02	1.578381e-02	7.945404e-02	2.340864e-02	1.566979e-02	1.645162e-01	8.527322e-02	1.541698e-01	
0.00030420
-1.315201e-02	3.049960e-03	-2.360420e-01	-5.561548e-02	-2.659105e-01	3.959238e-02	2.637505e-01	9.844916e-02	1.448557e-01	-7.177339e-02	1.150136e-01	6.789849e-02	7.256327e-02	1.578381e-02	7.945404e-02	2.340864e-02	1.566979e-02	1.645162e-01	8.527322e-02	1.541698e-01	
0.00014620
-1.315201e-02	3.049960e-03	-2.360420e-01	-5.561548e-02	-2.659105e-01	3.959238e-02	2.637505e-01	9.844916e-02	1.448557e-01	-7.177339e-02	1.150136e-01	6.789849e-02	7.256327e-02	1.578381e-02	7.945404e-02	2.340864e-02	1.566979e-02	1.645162e-01	8.527322e-02	1.541698e-01	
0.00014520
-1.315201e-02	3.049960e-03	-2.360420e-01	-5.561548e-02	-2.659105e-01	3.959238e-02	2.637505e-01	9.844916e-02	1.448557e-01	-7.177339e-02	1.150136e-01	6.789849e-02	7.256327e-02	1.578381e-02	7.945404e-02	2.340864e-02	1.566979e-02	1.645162e-01	8.527322e-02	1.541698e-01	
0.00014720
-1.315201e-02	3.049960e-03	-2.360420e-01	-5.561548e-02	-2.659105e-01	3.959238e-02	2.637505e-01	9.844916e-02	1.448557e-01	-7.177339e-02	1.150136e-01	6.789849e-02	7.256327e-02	1.578381e-02	7.945404e-02	2.340864e-02	1.566979e-02	1.645162e-01	8.527322e-02	1.541698e-01	
0.00014720
-1.315201e-02	3.049960e-03	-2.360420e-01	-5.561548e-02	-2.659105e-01	3.959238e-02	2.637505e-01	9.844916e-02	1.448557e-01	-7.177339e-02	1.150136e-01	6.789849e-02	7.256327e-02	1.578381e-02	7.945404e-02	2.340864e-02	1.566979e-02	1.645162e-01	8.527322e-02	1.541698e-01	
0.00014720
-1.315201e-02	3.049960e-03	-2.360420e-01	-5.561548e-02	-2.659105e-01	3.959238e-02	2.637505e-01	9.844916e-02	1.448557e-01	-7.177339e-02	1.150136e-01	6.789849e-02	7.256327e-02	1.578381e-02	7.945404e-02	2.340864e-02	1.566979e-02	1.645162e-01	8.527322e-02	1.541698e-01	
0.00014820
-1.315201e-02	3.049960e-03	-2.360420e-01	-5.561548e-02	-2.659105e-01	3.959238e-02	2.637505e-01	9.844916e-02	1.448557e-01	-7.177339e-02	1.150136e-01	6.789849e-02	7.256327e-02	1.578381e-02	7.945404e-02	2.340864e-02	1.566979e-02	1.645162e-01	8.527322e-02	1.541698e-01	
0.00014220
-1.315201e-02	3.049960e-03	-2.360420e-01	-5.561548e-02	-2.659105e-01	3.959238e-02	2.637505e-01	9.844916e-02	1.448557e-01	-7.177339e-02	1.150136e-01	6.789849e-02	7.256327e-02	1.578381e-02	7.945404e-02	2.340864e-02	1.566979e-02	1.645162e-01	8.527322e-02	1.541698e-01	
0.00014720
-1.315201e-02	3.049960e-03	-2.360420e-01	-5.561548e-02	-2.659105e-01	3.959238e-02	2.637505e-01	9.844916e-02	1.448557e-01	-7.177339e-02	1.150136e-01	6.789849e-02	7.256327e-02	1.578381e-02	7.945404e-02	2.340864e-02	1.566979e-02	1.645162e-01	8.527322e-02	1.541698e-01	
0.00014620
-1.315201e-02	3.049960e-03	-2.360420e-01	-5.561548e-02	-2.659105e-01	3.959238e-02	2.637505e-01	9.844916e-02	1.448557e-01	-7.177339e-02	1.150136e-01	6.789849e-02	7.256327e-02	1.578381e-02	7.945404e-02	2.340864e-02	1.566979e-02	1.645162e-01	8.527322e-02	1.541698e-01	
0.00014520
-1.315201e-02	3.049960e-03	-2.360420e-01	-5.561548e-02	-2.659105e-01	3.959238e-02	2.637505e-01	9.844916e-02	1.448557e-01	-7.177339e-02	1.150136e-01	6.789849e-02	7.256327e-02	1.578381e-02	7.945404e-02	2.340864e-02	1.566979e-02	1.645162e-01	8.527322e-02	1.541698e-01	
0.00014620
-1.315201e-02	3.049960e-03	-2.360420e-01	-5.561548e-02	-2.659105e-01	3.959238e-02	2.637505e-01	9.844916e-02	1.448557e-01	-7.177339e-02	1.150136e-01	6.789849e-02	7.256327e-02	1.578381e-02	7.945404e-02	2.340864e-02	1.566979e-02	1.645162e-01	8.527322e-02	1.541698e-01	
0.00014620
-1.315201e-02	3.049960e-03	-2.360420e-01	-5.561548e-02	-2.659105e-01	3.959238e-02	2.637505e-01	9.844916e-02	1.448557e-01	-7.177339e-02	1.150136e-01	6.789849e-02	7.256327e-02	1.578381e-02	7.945404e-02	2.340864e-02	1.566979e-02	1.645162e-01	8.527322e-02	1.541698e-01	
0.00014720
-1.315201e-02	3.049960e-03	-2.360420e-01	-5.561548e-02	-2.659105e-01	3.959238e-02	2.637505e-01	9.844916e-02	1.448557e-01	-7.177339e-02	1.150136e-01	6.789849e-02	7.256327e-02	1.578381e-02	7.945404e-02	2.340864e-02	1.566979e-02	1.645162e-01	8.527322e-02	1.541698e-01	
0.00014820
-1.315201e-02	3.049960e-03	-2.360420e-01	-5.561548e-02	-2.659105e-01	3.959238e-02	2.637505e-01	9.844916e-02	1.448557e-01	-7.177339e-02	1.150136e-01	6.789849e-02	7.256327e-02	1.578381e-02	7.945404e-02	2.340864e-02	1.566979e-02	1.645162e-01	8.527322e-02	1.541698e-01	
0.00022520
-1.315201e-02	3.049960e-03	-2.360420e-01	-5.561548e-02	-2.659105e-01	3.959238e-02	2.637505e-01	9.844916e-02	1.448557e-01	-7.177339e-02	1.150136e-01	6.789849e-02	7.256327e-02	1.578381e-02	7.945404e-02	2.340864e-02	1.566979e-02	1.645162e-01	8.527322e-02	1.541698e-01	
0.00015620
-1.315201e-02	3.049960e-03	-2.360420e-01	-5.561548e-02	-2.659105e-01	3.959238e-02	2.637505e-01	9.844916e-02	1.448557e-01	-7.177339e-02	1.150136e-01	6.789849e-02	7.256327e-02	1.578381e-02	7.945404e-02	2.340864e-02	1.566979e-02	1.645162e-01	8.527322e-02	1.541698e-01	
0.00014620
-1.315201e-02	3.049960e-03	-2.360420e-01	-5.561548e-02	-2.659105e-01	3.959238e-02	2.637505e-01	9.844916e-02	1.448557e-01	-7.177339e-02	1.150136e-01	6.789849e-02	7.256327e-02	1.578381e-02	7.945404e-02	2.340864e-02	1.566979e-02	1.645162e-01	8.527322e-02	1.541698e-01	
0.00014720
-1.315201e-02	3.049960e-03	-2.360420e-01	-5.561548e-02	-2.659105e-01	3.959238e-02	2.637505e-01	9.844916e-02	1.448557e-01	-7.177339e-02	1.150136e-01	6.789849e-02	7.256327e-02	1.578381e-02	7.945404e-02	2.340864e-02	1.566979e-02	1.645162e-01	8.527322e-02	1.541698e-01	
0.00016020
-1.315201e-02	3.049960e-03	-2.360420e-01	-5.561548e-02	-2.659105e-01	3.959238e-02	2.637505e-01	9.844916e-02	1.448557e-01	-7.177339e-02	1.150136e-01	6.789849e-02	7.256327e-02	1.578381e-02	7.945404e-02	2.340864e-02	1.566979e-02	1.645162e-01	8.527322e-02	1.541698e-01	
0.00024320
-1.315201e-02	3.049960e-03	-2.360420e-01	-5.561548e-02	-2.659105e-01	3.959238e-02	2.637505e-01	9.844916e-02	1.448557e-01	-7.177339e-02	1.150136e-01	6.789849e-02	7.256327e-02	1.578381e-02	7.945404e-02	2.340864e-02	1.566979e-02	1.645162e-01	8.527322e-02	1.541698e-01	
0.00014720
-1.315201e-02	3.049960e-03	-2.360420e-01	-5.561548e-02	-2.659105e-01	3.959238e-02	2.637505e-01	9.844916e-02	1.448557e-01	-7.177339e-02	1.150136e-01	6.789849e-02	7.256327e-02	1.578381e-02	7.945404e-02	2.340864e-02	1.566979e-02	1.645162e-01	8.527322e-02	1.541698e-01	
0.00014520
-1.315201e-02	3.049960e-03	-2.360420e-01	-5.561548e-02	-2.659105e-01	3.959238e-02	2.637505e-01	9.844916e-02	1.448557e-01	-7.177339e-02	1.150136e-01	6.789849e-02	7.256327e-02	1.578381e-02	7.945404e-02	2.340864e-02	1.566979e-02	1.645162e-01	8.527322e-02	1.541698e-01	
0.00014220
-1.315201e-02	3.049960e-03	-2.360420e-01	-5.561548e-02	-2.659105e-01	3.959238e-02	2.637505e-01	9.844916e-02	1.448557e-01	-7.177339e-02	1.150136e-01	6.789849e-02	7.256327e-02	1.578381e-02	7.945404e-02	2.340864e-02	1.566979e-02	1.645162e-01	8.527322e-02	1.541698e-01	
0.00014320
-1.315201e-02	3.049960e-03	-2.360420e-01	-5.561548e-02	-2.659105e-01	3.959238e-02	2.637505e-01	9.844916e-02	1.448557e-01	-7.177339e-02	1.150136e-01	6.789849e-02	7.256327e-02	1.578381e-02	7.945404e-02	2.340864e-02	1.566979e-02	1.645162e-01	8.527322e-02	1.541698e-01	
0.00014720
-1.315201e-02	3.049960e-03	-2.360420e-01	-5.561548e-02	-2.659105e-01	3.959238e-02	2.637505e-01	9.844916e-02	1.448557e-01	-7.177339e-02	1.150136e-01	6.789849e-02	7.256327e-02	1.578381e-02	7.945404e-02	2.340864e-02	1.566979e-02	1.645162e-01	8.527322e-02	1.541698e-01	
0.00014620
-1.315201e-02	3.049960e-03	-2.360420e-01	-5.561548e-02	-2.659105e-01	3.959238e-02	2.637505e-01	9.844916e-02	1.448557e-01	-7.177339e-02	1.150136e-01	6.789849e-02	7.256327e-02	1.578381e-02	7.945404e-02	2.340864e-02	1.566979e-02	1.645162e-01	8.527322e-02	1.541698e-01	
0.00014120
-1.315201e-02	3.049960e-03	-2.360420e-01	-5.561548e-02	-2.659105e-01	3.959238e-02	2.637505e-01	9.844916e-02	1.448557e-01	-7.177339e-02	1.150136e-01	6.789849e-02	7.256327e-02	1.578381e-02	7.945404e-02	2.340864e-02	1.566979e-02	1.645162e-01	8.527322e-02	1.541698e-01	
0.000141